3.2646887004375458 Test loss (%)
99.37282204627991 Test accuracy (%)

99.28502655726365 Kappa accuracy (%)
99.37282229965156 Overall accuracy (%)
98.82873427154865 Average accuracy (%)

                              precision    recall  f1-score   support

                     Alfalfa       1.00      1.00      1.00        32
                 Corn-notill       1.00      0.99      0.99      1000
                Corn-mintill       0.98      0.99      0.99       581
                        Corn       0.99      1.00      1.00       166
               Grass-pasture       0.99      0.99      0.99       338
                 Grass-trees       0.98      1.00      0.99       511
         Grass-pasture-mowed       1.00      0.90      0.95        20
               Hay-windrowed       1.00      1.00      1.00       335
                        Oats       1.00      1.00      1.00        14
              Soybean-notill       1.00      1.00      1.00       680
             Soybean-mintill       1.00      0.99      0.99      1719
               Soybean-clean       1.00      0.97      0.99       415
                       Wheat       0.99      0.99      0.99       143
                       Woods       1.00      1.00      1.00       886
Buildings-Grass-Trees-Drives       1.00      1.00      1.00       270
          Stone-Steel-Towers       1.00      0.98      0.99        65

                    accuracy                           0.99      7175
                   macro avg       0.99      0.99      0.99      7175
                weighted avg       0.99      0.99      0.99      7175

[[  32    0    0    0    0    0    0    0    0    0    0    0    0    0
     0    0]
 [   0  988    2    0    0    3    0    0    0    1    5    0    0    1
     0    0]
 [   0    0  578    0    3    0    0    0    0    0    0    0    0    0
     0    0]
 [   0    0    0  166    0    0    0    0    0    0    0    0    0    0
     0    0]
 [   0    0    0    0  334    0    0    0    0    0    2    0    2    0
     0    0]
 [   0    0    0    0    0  511    0    0    0    0    0    0    0    0
     0    0]
 [   0    0    0    0    2    0   18    0    0    0    0    0    0    0
     0    0]
 [   0    0    0    0    0    0    0  335    0    0    0    0    0    0
     0    0]
 [   0    0    0    0    0    0    0    0   14    0    0    0    0    0
     0    0]
 [   0    0    0    0    0    0    0    0    0  680    0    0    0    0
     0    0]
 [   0    1    0    0    0    9    0    0    0    0 1709    0    0    0
     0    0]
 [   0    0   10    1    0    0    0    0    0    0    0  404    0    0
     0    0]
 [   0    0    0    0    0    0    0    0    0    0    1    0  142    0
     0    0]
 [   0    0    0    0    0    0    0    0    0    0    0    0    0  886
     0    0]
 [   0    0    0    0    0    1    0    0    0    0    0    0    0    0
   269    0]
 [   0    0    0    0    0    0    0    0    0    0    0    1    0    0
     0   64]]